1 193
1 194
1 195
1 196
1 197
1 198
1 199
1 200
1 201
1 202
1 203
1 204
1 205
1 206
1 207
1 208
2 193
2 194
2 195
2 196
2 197
2 198
2 199
2 200
2 201
2 202
2 203
2 204
2 205
2 206
2 207
2 208
3 193
3 194
3 195
3 196
3 197
3 198
3 199
3 200
3 201
3 202
3 203
3 204
3 205
3 206
3 207
3 208
4 5
4 6
4 7
4 8
4 9
4 193
4 194
4 195
4 196
4 197
4 198
4 199
4 200
4 201
4 202
4 203
4 204
4 205
4 206
4 207
4 208
5 6
5 7
5 8
5 9
5 193
5 194
5 195
5 196
5 197
5 198
5 199
5 200
5 201
5 202
5 203
5 204
5 205
5 206
5 207
5 208
6 7
6 8
6 9
6 193
6 194
6 195
6 196
6 197
6 198
6 199
6 200
6 201
6 202
6 203
6 204
6 205
6 206
6 207
6 208
7 8
7 9
7 193
7 194
7 195
7 196
7 197
7 198
7 199
7 200
7 201
7 202
7 203
7 204
7 205
7 206
7 207
7 208
8 9
8 193
8 194
8 195
8 196
8 197
8 198
8 199
8 200
8 201
8 202
8 203
8 204
8 205
8 206
8 207
8 208
9 193
9 194
9 195
9 196
9 197
9 198
9 199
9 200
9 201
9 202
9 203
9 204
9 205
9 206
9 207
9 208
10 193
10 194
10 195
10 196
10 197
10 198
10 199
10 200
10 201
10 202
10 203
10 204
10 205
10 206
10 207
10 208
11 193
11 194
11 195
11 196
11 197
11 198
11 199
11 200
11 201
11 202
11 203
11 204
11 205
11 206
11 207
11 208
12 193
12 194
12 195
12 196
12 197
12 198
12 199
12 200
12 201
12 202
12 203
12 204
12 205
12 206
12 207
12 208
13 193
13 194
13 195
13 196
13 197
13 198
13 199
13 200
13 201
13 202
13 203
13 204
13 205
13 206
13 207
13 208
14 193
14 194
14 195
14 196
14 197
14 198
14 199
14 200
14 201
14 202
14 203
14 204
14 205
14 206
14 207
14 208
15 193
15 194
15 195
15 196
15 197
15 198
15 199
15 200
15 201
15 202
15 203
15 204
15 205
15 206
15 207
15 208
15 209
15 210
15 211
15 212
15 213
15 214
15 215
15 216
15 217
15 218
15 219
15 220
15 221
15 222
15 223
15 224
15 225
15 226
15 227
15 228
15 229
15 230
15 231
15 232
15 233
15 234
15 235
15 236
15 237
15 238
15 239
15 240
15 241
15 242
15 243
15 244
15 245
15 246
15 247
15 248
15 249
15 250
15 251
15 252
15 253
16 193
16 194
16 195
16 196
16 197
16 198
16 199
16 200
16 201
16 202
16 203
16 204
16 205
16 206
16 207
16 208
16 209
16 210
16 211
16 212
16 213
16 214
16 215
16 216
16 217
16 218
16 219
16 220
16 221
16 222
16 223
16 224
16 225
16 226
16 227
16 228
16 229
16 230
16 231
16 232
16 233
16 234
16 235
16 236
16 237
16 238
16 239
16 240
16 241
16 242
16 243
16 244
16 245
16 246
16 247
16 248
16 249
16 250
16 251
16 252
16 253
17 18
17 193
17 194
17 195
17 196
17 197
17 198
17 199
17 200
17 201
17 202
17 203
17 204
17 205
17 206
17 207
17 208
17 209
17 210
17 211
17 212
17 213
17 214
17 215
17 216
17 217
17 218
17 219
17 220
17 221
17 222
17 223
17 224
17 225
17 226
17 227
17 228
17 229
17 230
17 231
17 232
17 233
17 234
17 235
17 236
17 237
17 238
17 239
17 240
17 241
17 242
17 243
17 244
17 245
17 246
17 247
17 248
17 249
17 250
17 251
17 252
17 253
18 193
18 194
18 195
18 196
18 197
18 198
18 199
18 200
18 201
18 202
18 203
18 204
18 205
18 206
18 207
18 208
18 209
18 210
18 211
18 212
18 213
18 214
18 215
18 216
18 217
18 218
18 219
18 220
18 221
18 222
18 223
18 224
18 225
18 226
18 227
18 228
18 229
18 230
18 231
18 232
18 233
18 234
18 235
18 236
18 237
18 238
18 239
18 240
18 241
18 242
18 243
18 244
18 245
18 246
18 247
18 248
18 249
18 250
18 251
18 252
18 253
19 193
19 194
19 195
19 196
19 197
19 198
19 199
19 200
19 201
19 202
19 203
19 204
19 205
19 206
19 207
19 208
19 209
19 210
19 211
19 212
19 213
19 214
19 215
19 216
19 217
19 218
19 219
19 220
19 221
19 222
19 223
19 224
19 225
19 226
19 227
19 228
19 229
19 230
19 231
19 232
19 233
19 234
19 235
19 236
19 237
19 238
19 239
19 240
19 241
19 242
19 243
19 244
19 245
19 246
19 247
19 248
19 249
19 250
19 251
19 252
19 253
20 193
20 194
20 195
20 196
20 197
20 198
20 199
20 200
20 201
20 202
20 203
20 204
20 205
20 206
20 207
20 208
20 209
20 210
20 211
20 212
20 213
20 214
20 215
20 216
20 217
20 218
20 219
20 220
20 221
20 222
20 223
20 224
20 225
20 226
20 227
20 228
20 229
20 230
20 231
20 232
20 233
20 234
20 235
20 236
20 237
20 238
20 239
20 240
20 241
20 242
20 243
20 244
20 245
20 246
20 247
20 248
20 249
20 250
20 251
20 252
20 253
21 193
21 194
21 195
21 196
21 197
21 198
21 199
21 200
21 201
21 202
21 203
21 204
21 205
21 206
21 207
21 208
21 209
21 210
21 211
21 212
21 213
21 214
21 215
21 216
21 217
21 218
21 219
21 220
21 221
21 222
21 223
21 224
21 225
21 226
21 227
21 228
21 229
21 230
21 231
21 232
21 233
21 234
21 235
21 236
21 237
21 238
21 239
21 240
21 241
21 242
21 243
21 244
21 245
21 246
21 247
21 248
21 249
21 250
21 251
21 252
21 253
22 193
22 194
22 195
22 196
22 197
22 198
22 199
22 200
22 201
22 202
22 203
22 204
22 205
22 206
22 207
22 208
22 209
22 210
22 211
22 212
22 213
22 214
22 215
22 216
22 217
22 218
22 219
22 220
22 221
22 222
22 223
22 224
22 225
22 226
22 227
22 228
22 229
22 230
22 231
22 232
22 233
22 234
22 235
22 236
22 237
22 238
22 239
22 240
22 241
22 242
22 243
22 244
22 245
22 246
22 247
22 248
22 249
22 250
22 251
22 252
22 253
23 193
23 194
23 195
23 196
23 197
23 198
23 199
23 200
23 201
23 202
23 203
23 204
23 205
23 206
23 207
23 208
23 209
23 210
23 211
23 212
23 213
23 214
23 215
23 216
23 217
23 218
23 219
23 220
23 221
23 222
23 223
23 224
23 225
23 226
23 227
23 228
23 229
23 230
23 231
23 232
23 233
23 234
23 235
23 236
23 237
23 238
23 239
23 240
23 241
23 242
23 243
23 244
23 245
23 246
23 247
23 248
23 249
23 250
23 251
23 252
23 253
24 25
24 193
24 194
24 195
24 196
24 197
24 198
24 199
24 200
24 201
24 202
24 203
24 204
24 205
24 206
24 207
24 208
24 209
24 210
24 211
24 212
24 213
24 214
24 215
24 216
24 217
24 218
24 219
24 220
24 221
24 222
24 223
24 224
24 225
24 226
24 227
24 228
24 229
24 230
24 231
24 232
24 233
24 234
24 235
24 236
24 237
24 238
24 239
24 240
24 241
24 242
24 243
24 244
24 245
24 246
24 247
24 248
24 249
24 250
24 251
24 252
24 253
25 193
25 194
25 195
25 196
25 197
25 198
25 199
25 200
25 201
25 202
25 203
25 204
25 205
25 206
25 207
25 208
25 209
25 210
25 211
25 212
25 213
25 214
25 215
25 216
25 217
25 218
25 219
25 220
25 221
25 222
25 223
25 224
25 225
25 226
25 227
25 228
25 229
25 230
25 231
25 232
25 233
25 234
25 235
25 236
25 237
25 238
25 239
25 240
25 241
25 242
25 243
25 244
25 245
25 246
25 247
25 248
25 249
25 250
25 251
25 252
25 253
26 193
26 194
26 195
26 196
26 197
26 198
26 199
26 200
26 201
26 202
26 203
26 204
26 205
26 206
26 207
26 208
26 209
26 210
26 211
26 212
26 213
26 214
26 215
26 216
26 217
26 218
26 219
26 220
26 221
26 222
26 223
26 224
26 225
26 226
26 227
26 228
26 229
26 230
26 231
26 232
26 233
26 234
26 235
26 236
26 237
26 238
26 239
26 240
26 241
26 242
26 243
26 244
26 245
26 246
26 247
26 248
26 249
26 250
26 251
26 252
26 253
27 193
27 194
27 195
27 196
27 197
27 198
27 199
27 200
27 201
27 202
27 203
27 204
27 205
27 206
27 207
27 208
27 209
27 210
27 211
27 212
27 213
27 214
27 215
27 216
27 217
27 218
27 219
27 220
27 221
27 222
27 223
27 224
27 225
27 226
27 227
27 228
27 229
27 230
27 231
27 232
27 233
27 234
27 235
27 236
27 237
27 238
27 239
27 240
27 241
27 242
27 243
27 244
27 245
27 246
27 247
27 248
27 249
27 250
27 251
27 252
27 253
28 193
28 194
28 195
28 196
28 197
28 198
28 199
28 200
28 201
28 202
28 203
28 204
28 205
28 206
28 207
28 208
28 209
28 210
28 211
28 212
28 213
28 214
28 215
28 216
28 217
28 218
28 219
28 220
28 221
28 222
28 223
28 224
28 225
28 226
28 227
28 228
28 229
28 230
28 231
28 232
28 233
28 234
28 235
28 236
28 237
28 238
28 239
28 240
28 241
28 242
28 243
28 244
28 245
28 246
28 247
28 248
28 249
28 250
28 251
28 252
28 253
29 193
29 194
29 195
29 196
29 197
29 198
29 199
29 200
29 201
29 202
29 203
29 204
29 205
29 206
29 207
29 208
29 209
29 210
29 211
29 212
29 213
29 214
29 215
29 216
29 217
29 218
29 219
29 220
29 221
29 222
29 223
29 224
29 225
29 226
29 227
29 228
29 229
29 230
29 231
29 232
29 233
29 234
29 235
29 236
29 237
29 238
29 239
29 240
29 241
29 242
29 243
29 244
29 245
29 246
29 247
29 248
29 249
29 250
29 251
29 252
29 253
30 193
30 194
30 195
30 196
30 197
30 198
30 199
30 200
30 201
30 202
30 203
30 204
30 205
30 206
30 207
30 208
30 209
30 210
30 211
30 212
30 213
30 214
30 215
30 216
30 217
30 218
30 219
30 220
30 221
30 222
30 223
30 224
30 225
30 226
30 227
30 228
30 229
30 230
30 231
30 232
30 233
30 234
30 235
30 236
30 237
30 238
30 239
30 240
30 241
30 242
30 243
30 244
30 245
30 246
30 247
30 248
30 249
30 250
30 251
30 252
30 253
31 32
31 33
31 34
31 35
31 36
31 37
31 193
31 194
31 195
31 196
31 197
31 198
31 199
31 200
31 201
31 202
31 203
31 204
31 205
31 206
31 207
31 208
31 209
31 210
31 211
31 212
31 213
31 214
31 215
31 216
31 217
31 218
31 219
31 220
31 221
31 222
31 223
31 224
31 225
31 226
31 227
31 228
31 229
31 230
31 231
31 232
31 233
31 234
31 235
31 236
31 237
31 238
31 239
31 240
31 241
31 242
31 243
31 244
31 245
31 246
31 247
31 248
31 249
31 250
31 251
31 252
31 253
32 33
32 34
32 35
32 36
32 37
32 193
32 194
32 195
32 196
32 197
32 198
32 199
32 200
32 201
32 202
32 203
32 204
32 205
32 206
32 207
32 208
32 209
32 210
32 211
32 212
32 213
32 214
32 215
32 216
32 217
32 218
32 219
32 220
32 221
32 222
32 223
32 224
32 225
32 226
32 227
32 228
32 229
32 230
32 231
32 232
32 233
32 234
32 235
32 236
32 237
32 238
32 239
32 240
32 241
32 242
32 243
32 244
32 245
32 246
32 247
32 248
32 249
32 250
32 251
32 252
32 253
33 34
33 35
33 36
33 37
33 193
33 194
33 195
33 196
33 197
33 198
33 199
33 200
33 201
33 202
33 203
33 204
33 205
33 206
33 207
33 208
33 209
33 210
33 211
33 212
33 213
33 214
33 215
33 216
33 217
33 218
33 219
33 220
33 221
33 222
33 223
33 224
33 225
33 226
33 227
33 228
33 229
33 230
33 231
33 232
33 233
33 234
33 235
33 236
33 237
33 238
33 239
33 240
33 241
33 242
33 243
33 244
33 245
33 246
33 247
33 248
33 249
33 250
33 251
33 252
33 253
34 35
34 36
34 37
34 193
34 194
34 195
34 196
34 197
34 198
34 199
34 200
34 201
34 202
34 203
34 204
34 205
34 206
34 207
34 208
34 209
34 210
34 211
34 212
34 213
34 214
34 215
34 216
34 217
34 218
34 219
34 220
34 221
34 222
34 223
34 224
34 225
34 226
34 227
34 228
34 229
34 230
34 231
34 232
34 233
34 234
34 235
34 236
34 237
34 238
34 239
34 240
34 241
34 242
34 243
34 244
34 245
34 246
34 247
34 248
34 249
34 250
34 251
34 252
34 253
35 36
35 37
35 193
35 194
35 195
35 196
35 197
35 198
35 199
35 200
35 201
35 202
35 203
35 204
35 205
35 206
35 207
35 208
35 209
35 210
35 211
35 212
35 213
35 214
35 215
35 216
35 217
35 218
35 219
35 220
35 221
35 222
35 223
35 224
35 225
35 226
35 227
35 228
35 229
35 230
35 231
35 232
35 233
35 234
35 235
35 236
35 237
35 238
35 239
35 240
35 241
35 242
35 243
35 244
35 245
35 246
35 247
35 248
35 249
35 250
35 251
35 252
35 253
36 37
36 193
36 194
36 195
36 196
36 197
36 198
36 199
36 200
36 201
36 202
36 203
36 204
36 205
36 206
36 207
36 208
36 209
36 210
36 211
36 212
36 213
36 214
36 215
36 216
36 217
36 218
36 219
36 220
36 221
36 222
36 223
36 224
36 225
36 226
36 227
36 228
36 229
36 230
36 231
36 232
36 233
36 234
36 235
36 236
36 237
36 238
36 239
36 240
36 241
36 242
36 243
36 244
36 245
36 246
36 247
36 248
36 249
36 250
36 251
36 252
36 253
37 193
37 194
37 195
37 196
37 197
37 198
37 199
37 200
37 201
37 202
37 203
37 204
37 205
37 206
37 207
37 208
37 209
37 210
37 211
37 212
37 213
37 214
37 215
37 216
37 217
37 218
37 219
37 220
37 221
37 222
37 223
37 224
37 225
37 226
37 227
37 228
37 229
37 230
37 231
37 232
37 233
37 234
37 235
37 236
37 237
37 238
37 239
37 240
37 241
37 242
37 243
37 244
37 245
37 246
37 247
37 248
37 249
37 250
37 251
37 252
37 253
38 39
38 40
38 41
38 42
38 43
38 193
38 194
38 195
38 196
38 197
38 198
38 199
38 200
38 201
38 202
38 203
38 204
38 205
38 206
38 207
38 208
38 209
38 210
38 211
38 212
38 213
38 214
38 215
38 216
38 217
38 218
38 219
38 220
38 221
38 222
38 223
38 224
38 225
38 226
38 227
38 228
38 229
38 230
38 231
38 232
38 233
38 234
38 235
38 236
38 237
38 238
38 239
38 240
38 241
38 242
38 243
38 244
38 245
38 246
38 247
38 248
38 249
38 250
38 251
38 252
38 253
39 40
39 41
39 42
39 43
39 193
39 194
39 195
39 196
39 197
39 198
39 199
39 200
39 201
39 202
39 203
39 204
39 205
39 206
39 207
39 208
39 209
39 210
39 211
39 212
39 213
39 214
39 215
39 216
39 217
39 218
39 219
39 220
39 221
39 222
39 223
39 224
39 225
39 226
39 227
39 228
39 229
39 230
39 231
39 232
39 233
39 234
39 235
39 236
39 237
39 238
39 239
39 240
39 241
39 242
39 243
39 244
39 245
39 246
39 247
39 248
39 249
39 250
39 251
39 252
39 253
40 41
40 42
40 43
40 193
40 194
40 195
40 196
40 197
40 198
40 199
40 200
40 201
40 202
40 203
40 204
40 205
40 206
40 207
40 208
40 209
40 210
40 211
40 212
40 213
40 214
40 215
40 216
40 217
40 218
40 219
40 220
40 221
40 222
40 223
40 224
40 225
40 226
40 227
40 228
40 229
40 230
40 231
40 232
40 233
40 234
40 235
40 236
40 237
40 238
40 239
40 240
40 241
40 242
40 243
40 244
40 245
40 246
40 247
40 248
40 249
40 250
40 251
40 252
40 253
41 42
41 43
41 193
41 194
41 195
41 196
41 197
41 198
41 199
41 200
41 201
41 202
41 203
41 204
41 205
41 206
41 207
41 208
41 209
41 210
41 211
41 212
41 213
41 214
41 215
41 216
41 217
41 218
41 219
41 220
41 221
41 222
41 223
41 224
41 225
41 226
41 227
41 228
41 229
41 230
41 231
41 232
41 233
41 234
41 235
41 236
41 237
41 238
41 239
41 240
41 241
41 242
41 243
41 244
41 245
41 246
41 247
41 248
41 249
41 250
41 251
41 252
41 253
42 43
42 193
42 194
42 195
42 196
42 197
42 198
42 199
42 200
42 201
42 202
42 203
42 204
42 205
42 206
42 207
42 208
42 209
42 210
42 211
42 212
42 213
42 214
42 215
42 216
42 217
42 218
42 219
42 220
42 221
42 222
42 223
42 224
42 225
42 226
42 227
42 228
42 229
42 230
42 231
42 232
42 233
42 234
42 235
42 236
42 237
42 238
42 239
42 240
42 241
42 242
42 243
42 244
42 245
42 246
42 247
42 248
42 249
42 250
42 251
42 252
42 253
43 193
43 194
43 195
43 196
43 197
43 198
43 199
43 200
43 201
43 202
43 203
43 204
43 205
43 206
43 207
43 208
43 209
43 210
43 211
43 212
43 213
43 214
43 215
43 216
43 217
43 218
43 219
43 220
43 221
43 222
43 223
43 224
43 225
43 226
43 227
43 228
43 229
43 230
43 231
43 232
43 233
43 234
43 235
43 236
43 237
43 238
43 239
43 240
43 241
43 242
43 243
43 244
43 245
43 246
43 247
43 248
43 249
43 250
43 251
43 252
43 253
44 193
44 194
44 195
44 196
44 197
44 198
44 199
44 200
44 201
44 202
44 203
44 204
44 205
44 206
44 207
44 208
44 209
44 210
44 211
44 212
44 213
44 214
44 215
44 216
44 217
44 218
44 219
44 220
44 221
44 222
44 223
44 224
44 225
44 226
44 227
44 228
44 229
44 230
44 231
44 232
44 233
44 234
44 235
44 236
44 237
44 238
44 239
44 240
44 241
44 242
44 243
44 244
44 245
44 246
44 247
44 248
44 249
44 250
44 251
44 252
44 253
45 46
45 47
45 48
45 193
45 194
45 195
45 196
45 197
45 198
45 199
45 200
45 201
45 202
45 203
45 204
45 205
45 206
45 207
45 208
45 209
45 210
45 211
45 212
45 213
45 214
45 215
45 216
45 217
45 218
45 219
45 220
45 221
45 222
45 223
45 224
45 225
45 226
45 227
45 228
45 229
45 230
45 231
45 232
45 233
45 234
45 235
45 236
45 237
45 238
45 239
45 240
45 241
45 242
45 243
45 244
45 245
45 246
45 247
45 248
45 249
45 250
45 251
45 252
45 253
46 47
46 48
46 193
46 194
46 195
46 196
46 197
46 198
46 199
46 200
46 201
46 202
46 203
46 204
46 205
46 206
46 207
46 208
46 209
46 210
46 211
46 212
46 213
46 214
46 215
46 216
46 217
46 218
46 219
46 220
46 221
46 222
46 223
46 224
46 225
46 226
46 227
46 228
46 229
46 230
46 231
46 232
46 233
46 234
46 235
46 236
46 237
46 238
46 239
46 240
46 241
46 242
46 243
46 244
46 245
46 246
46 247
46 248
46 249
46 250
46 251
46 252
46 253
47 48
47 193
47 194
47 195
47 196
47 197
47 198
47 199
47 200
47 201
47 202
47 203
47 204
47 205
47 206
47 207
47 208
47 209
47 210
47 211
47 212
47 213
47 214
47 215
47 216
47 217
47 218
47 219
47 220
47 221
47 222
47 223
47 224
47 225
47 226
47 227
47 228
47 229
47 230
47 231
47 232
47 233
47 234
47 235
47 236
47 237
47 238
47 239
47 240
47 241
47 242
47 243
47 244
47 245
47 246
47 247
47 248
47 249
47 250
47 251
47 252
47 253
48 193
48 194
48 195
48 196
48 197
48 198
48 199
48 200
48 201
48 202
48 203
48 204
48 205
48 206
48 207
48 208
48 209
48 210
48 211
48 212
48 213
48 214
48 215
48 216
48 217
48 218
48 219
48 220
48 221
48 222
48 223
48 224
48 225
48 226
48 227
48 228
48 229
48 230
48 231
48 232
48 233
48 234
48 235
48 236
48 237
48 238
48 239
48 240
48 241
48 242
48 243
48 244
48 245
48 246
48 247
48 248
48 249
48 250
48 251
48 252
48 253
49 193
49 194
49 195
49 196
49 197
49 198
49 199
49 200
49 201
49 202
49 203
49 204
49 205
49 206
49 207
49 208
49 209
49 210
49 211
49 212
49 213
49 214
49 215
49 216
49 217
49 218
49 219
49 220
49 221
49 222
49 223
49 224
49 225
49 226
49 227
49 228
49 229
49 230
49 231
49 232
49 233
49 234
49 235
49 236
49 237
49 238
49 239
49 240
49 241
49 242
49 243
49 244
49 245
49 246
49 247
49 248
49 249
49 250
49 251
49 252
49 253
50 51
50 52
50 80
50 81
50 82
50 83
50 84
50 85
50 86
50 87
50 88
50 89
50 90
50 91
50 92
50 93
50 94
50 95
50 96
50 97
50 98
50 99
50 100
50 101
50 102
50 103
50 104
50 105
50 106
50 107
50 108
50 174
50 175
50 176
50 177
50 178
50 179
50 180
50 181
50 182
50 183
50 184
50 185
50 186
50 187
50 188
50 189
50 190
50 191
50 192
50 229
50 230
50 231
50 232
50 233
50 234
50 235
50 236
50 237
50 238
50 239
50 240
50 241
50 242
50 243
50 244
50 245
50 246
50 247
50 248
50 249
50 250
50 251
50 252
50 253
51 52
51 80
51 81
51 82
51 83
51 84
51 85
51 86
51 87
51 88
51 89
51 90
51 91
51 92
51 93
51 94
51 95
51 96
51 97
51 98
51 99
51 100
51 101
51 102
51 103
51 104
51 105
51 106
51 107
51 108
51 174
51 175
51 176
51 177
51 178
51 179
51 180
51 181
51 182
51 183
51 184
51 185
51 186
51 187
51 188
51 189
51 190
51 191
51 192
51 229
51 230
51 231
51 232
51 233
51 234
51 235
51 236
51 237
51 238
51 239
51 240
51 241
51 242
51 243
51 244
51 245
51 246
51 247
51 248
51 249
51 250
51 251
51 252
51 253
52 80
52 81
52 82
52 83
52 84
52 85
52 86
52 87
52 88
52 89
52 90
52 91
52 92
52 93
52 94
52 95
52 96
52 97
52 98
52 99
52 100
52 101
52 102
52 103
52 104
52 105
52 106
52 107
52 108
52 174
52 175
52 176
52 177
52 178
52 179
52 180
52 181
52 182
52 183
52 184
52 185
52 186
52 187
52 188
52 189
52 190
52 191
52 192
52 229
52 230
52 231
52 232
52 233
52 234
52 235
52 236
52 237
52 238
52 239
52 240
52 241
52 242
52 243
52 244
52 245
52 246
52 247
52 248
52 249
52 250
52 251
52 252
52 253
53 54
53 55
53 80
53 81
53 82
53 83
53 84
53 85
53 86
53 87
53 88
53 89
53 90
53 91
53 92
53 93
53 94
53 95
53 96
53 97
53 98
53 99
53 100
53 101
53 102
53 103
53 104
53 105
53 106
53 107
53 108
53 174
53 175
53 176
53 177
53 178
53 179
53 180
53 181
53 182
53 183
53 184
53 185
53 186
53 187
53 188
53 189
53 190
53 191
53 192
53 229
53 230
53 231
53 232
53 233
53 234
53 235
53 236
53 237
53 238
53 239
53 240
53 241
53 242
53 243
53 244
53 245
53 246
53 247
53 248
53 249
53 250
53 251
53 252
53 253
54 55
54 80
54 81
54 82
54 83
54 84
54 85
54 86
54 87
54 88
54 89
54 90
54 91
54 92
54 93
54 94
54 95
54 96
54 97
54 98
54 99
54 100
54 101
54 102
54 103
54 104
54 105
54 106
54 107
54 108
54 174
54 175
54 176
54 177
54 178
54 179
54 180
54 181
54 182
54 183
54 184
54 185
54 186
54 187
54 188
54 189
54 190
54 191
54 192
54 229
54 230
54 231
54 232
54 233
54 234
54 235
54 236
54 237
54 238
54 239
54 240
54 241
54 242
54 243
54 244
54 245
54 246
54 247
54 248
54 249
54 250
54 251
54 252
54 253
55 80
55 81
55 82
55 83
55 84
55 85
55 86
55 87
55 88
55 89
55 90
55 91
55 92
55 93
55 94
55 95
55 96
55 97
55 98
55 99
55 100
55 101
55 102
55 103
55 104
55 105
55 106
55 107
55 108
55 174
55 175
55 176
55 177
55 178
55 179
55 180
55 181
55 182
55 183
55 184
55 185
55 186
55 187
55 188
55 189
55 190
55 191
55 192
55 229
55 230
55 231
55 232
55 233
55 234
55 235
55 236
55 237
55 238
55 239
55 240
55 241
55 242
55 243
55 244
55 245
55 246
55 247
55 248
55 249
55 250
55 251
55 252
55 253
56 80
56 81
56 82
56 83
56 84
56 85
56 86
56 87
56 88
56 89
56 90
56 91
56 92
56 93
56 94
56 95
56 96
56 97
56 98
56 99
56 100
56 101
56 102
56 103
56 104
56 105
56 106
56 107
56 108
56 174
56 175
56 176
56 177
56 178
56 179
56 180
56 181
56 182
56 183
56 184
56 185
56 186
56 187
56 188
56 189
56 190
56 191
56 192
56 229
56 230
56 231
56 232
56 233
56 234
56 235
56 236
56 237
56 238
56 239
56 240
56 241
56 242
56 243
56 244
56 245
56 246
56 247
56 248
56 249
56 250
56 251
56 252
56 253
57 80
57 81
57 82
57 83
57 84
57 85
57 86
57 87
57 88
57 89
57 90
57 91
57 92
57 93
57 94
57 95
57 96
57 97
57 98
57 99
57 100
57 101
57 102
57 103
57 104
57 105
57 106
57 107
57 108
57 174
57 175
57 176
57 177
57 178
57 179
57 180
57 181
57 182
57 183
57 184
57 185
57 186
57 187
57 188
57 189
57 190
57 191
57 192
57 229
57 230
57 231
57 232
57 233
57 234
57 235
57 236
57 237
57 238
57 239
57 240
57 241
57 242
57 243
57 244
57 245
57 246
57 247
57 248
57 249
57 250
57 251
57 252
57 253
58 80
58 81
58 82
58 83
58 84
58 85
58 86
58 87
58 88
58 89
58 90
58 91
58 92
58 93
58 94
58 95
58 96
58 97
58 98
58 99
58 100
58 101
58 102
58 103
58 104
58 105
58 106
58 107
58 108
58 174
58 175
58 176
58 177
58 178
58 179
58 180
58 181
58 182
58 183
58 184
58 185
58 186
58 187
58 188
58 189
58 190
58 191
58 192
58 229
58 230
58 231
58 232
58 233
58 234
58 235
58 236
58 237
58 238
58 239
58 240
58 241
58 242
58 243
58 244
58 245
58 246
58 247
58 248
58 249
58 250
58 251
58 252
58 253
59 60
59 80
59 81
59 82
59 83
59 84
59 85
59 86
59 87
59 88
59 89
59 90
59 91
59 92
59 93
59 94
59 95
59 96
59 97
59 98
59 99
59 100
59 101
59 102
59 103
59 104
59 105
59 106
59 107
59 108
59 174
59 175
59 176
59 177
59 178
59 179
59 180
59 181
59 182
59 183
59 184
59 185
59 186
59 187
59 188
59 189
59 190
59 191
59 192
59 229
59 230
59 231
59 232
59 233
59 234
59 235
59 236
59 237
59 238
59 239
59 240
59 241
59 242
59 243
59 244
59 245
59 246
59 247
59 248
59 249
59 250
59 251
59 252
59 253
60 80
60 81
60 82
60 83
60 84
60 85
60 86
60 87
60 88
60 89
60 90
60 91
60 92
60 93
60 94
60 95
60 96
60 97
60 98
60 99
60 100
60 101
60 102
60 103
60 104
60 105
60 106
60 107
60 108
60 174
60 175
60 176
60 177
60 178
60 179
60 180
60 181
60 182
60 183
60 184
60 185
60 186
60 187
60 188
60 189
60 190
60 191
60 192
60 229
60 230
60 231
60 232
60 233
60 234
60 235
60 236
60 237
60 238
60 239
60 240
60 241
60 242
60 243
60 244
60 245
60 246
60 247
60 248
60 249
60 250
60 251
60 252
60 253
61 80
61 81
61 82
61 83
61 84
61 85
61 86
61 87
61 88
61 89
61 90
61 91
61 92
61 93
61 94
61 95
61 96
61 97
61 98
61 99
61 100
61 101
61 102
61 103
61 104
61 105
61 106
61 107
61 108
61 174
61 175
61 176
61 177
61 178
61 179
61 180
61 181
61 182
61 183
61 184
61 185
61 186
61 187
61 188
61 189
61 190
61 191
61 192
61 229
61 230
61 231
61 232
61 233
61 234
61 235
61 236
61 237
61 238
61 239
61 240
61 241
61 242
61 243
61 244
61 245
61 246
61 247
61 248
61 249
61 250
61 251
61 252
61 253
62 80
62 81
62 82
62 83
62 84
62 85
62 86
62 87
62 88
62 89
62 90
62 91
62 92
62 93
62 94
62 95
62 96
62 97
62 98
62 99
62 100
62 101
62 102
62 103
62 104
62 105
62 106
62 107
62 108
62 174
62 175
62 176
62 177
62 178
62 179
62 180
62 181
62 182
62 183
62 184
62 185
62 186
62 187
62 188
62 189
62 190
62 191
62 192
62 229
62 230
62 231
62 232
62 233
62 234
62 235
62 236
62 237
62 238
62 239
62 240
62 241
62 242
62 243
62 244
62 245
62 246
62 247
62 248
62 249
62 250
62 251
62 252
62 253
63 80
63 81
63 82
63 83
63 84
63 85
63 86
63 87
63 88
63 89
63 90
63 91
63 92
63 93
63 94
63 95
63 96
63 97
63 98
63 99
63 100
63 101
63 102
63 103
63 104
63 105
63 106
63 107
63 108
63 174
63 175
63 176
63 177
63 178
63 179
63 180
63 181
63 182
63 183
63 184
63 185
63 186
63 187
63 188
63 189
63 190
63 191
63 192
63 229
63 230
63 231
63 232
63 233
63 234
63 235
63 236
63 237
63 238
63 239
63 240
63 241
63 242
63 243
63 244
63 245
63 246
63 247
63 248
63 249
63 250
63 251
63 252
63 253
64 80
64 81
64 82
64 83
64 84
64 85
64 86
64 87
64 88
64 89
64 90
64 91
64 92
64 93
64 94
64 95
64 96
64 97
64 98
64 99
64 100
64 101
64 102
64 103
64 104
64 105
64 106
64 107
64 108
64 174
64 175
64 176
64 177
64 178
64 179
64 180
64 181
64 182
64 183
64 184
64 185
64 186
64 187
64 188
64 189
64 190
64 191
64 192
64 229
64 230
64 231
64 232
64 233
64 234
64 235
64 236
64 237
64 238
64 239
64 240
64 241
64 242
64 243
64 244
64 245
64 246
64 247
64 248
64 249
64 250
64 251
64 252
64 253
65 80
65 81
65 82
65 83
65 84
65 85
65 86
65 87
65 88
65 89
65 90
65 91
65 92
65 93
65 94
65 95
65 96
65 97
65 98
65 99
65 100
65 101
65 102
65 103
65 104
65 105
65 106
65 107
65 108
65 174
65 175
65 176
65 177
65 178
65 179
65 180
65 181
65 182
65 183
65 184
65 185
65 186
65 187
65 188
65 189
65 190
65 191
65 192
65 229
65 230
65 231
65 232
65 233
65 234
65 235
65 236
65 237
65 238
65 239
65 240
65 241
65 242
65 243
65 244
65 245
65 246
65 247
65 248
65 249
65 250
65 251
65 252
65 253
66 80
66 81
66 82
66 83
66 84
66 85
66 86
66 87
66 88
66 89
66 90
66 91
66 92
66 93
66 94
66 95
66 96
66 97
66 98
66 99
66 100
66 101
66 102
66 103
66 104
66 105
66 106
66 107
66 108
66 174
66 175
66 176
66 177
66 178
66 179
66 180
66 181
66 182
66 183
66 184
66 185
66 186
66 187
66 188
66 189
66 190
66 191
66 192
66 229
66 230
66 231
66 232
66 233
66 234
66 235
66 236
66 237
66 238
66 239
66 240
66 241
66 242
66 243
66 244
66 245
66 246
66 247
66 248
66 249
66 250
66 251
66 252
66 253
67 68
67 80
67 81
67 82
67 83
67 84
67 85
67 86
67 87
67 88
67 89
67 90
67 91
67 92
67 93
67 94
67 95
67 96
67 97
67 98
67 99
67 100
67 101
67 102
67 103
67 104
67 105
67 106
67 107
67 108
67 174
67 175
67 176
67 177
67 178
67 179
67 180
67 181
67 182
67 183
67 184
67 185
67 186
67 187
67 188
67 189
67 190
67 191
67 192
67 229
67 230
67 231
67 232
67 233
67 234
67 235
67 236
67 237
67 238
67 239
67 240
67 241
67 242
67 243
67 244
67 245
67 246
67 247
67 248
67 249
67 250
67 251
67 252
67 253
68 80
68 81
68 82
68 83
68 84
68 85
68 86
68 87
68 88
68 89
68 90
68 91
68 92
68 93
68 94
68 95
68 96
68 97
68 98
68 99
68 100
68 101
68 102
68 103
68 104
68 105
68 106
68 107
68 108
68 174
68 175
68 176
68 177
68 178
68 179
68 180
68 181
68 182
68 183
68 184
68 185
68 186
68 187
68 188
68 189
68 190
68 191
68 192
68 229
68 230
68 231
68 232
68 233
68 234
68 235
68 236
68 237
68 238
68 239
68 240
68 241
68 242
68 243
68 244
68 245
68 246
68 247
68 248
68 249
68 250
68 251
68 252
68 253
69 70
69 71
69 80
69 81
69 82
69 83
69 84
69 85
69 86
69 87
69 88
69 89
69 90
69 91
69 92
69 93
69 94
69 95
69 96
69 97
69 98
69 99
69 100
69 101
69 102
69 103
69 104
69 105
69 106
69 107
69 108
69 174
69 175
69 176
69 177
69 178
69 179
69 180
69 181
69 182
69 183
69 184
69 185
69 186
69 187
69 188
69 189
69 190
69 191
69 192
69 229
69 230
69 231
69 232
69 233
69 234
69 235
69 236
69 237
69 238
69 239
69 240
69 241
69 242
69 243
69 244
69 245
69 246
69 247
69 248
69 249
69 250
69 251
69 252
69 253
70 71
70 80
70 81
70 82
70 83
70 84
70 85
70 86
70 87
70 88
70 89
70 90
70 91
70 92
70 93
70 94
70 95
70 96
70 97
70 98
70 99
70 100
70 101
70 102
70 103
70 104
70 105
70 106
70 107
70 108
70 174
70 175
70 176
70 177
70 178
70 179
70 180
70 181
70 182
70 183
70 184
70 185
70 186
70 187
70 188
70 189
70 190
70 191
70 192
70 229
70 230
70 231
70 232
70 233
70 234
70 235
70 236
70 237
70 238
70 239
70 240
70 241
70 242
70 243
70 244
70 245
70 246
70 247
70 248
70 249
70 250
70 251
70 252
70 253
71 80
71 81
71 82
71 83
71 84
71 85
71 86
71 87
71 88
71 89
71 90
71 91
71 92
71 93
71 94
71 95
71 96
71 97
71 98
71 99
71 100
71 101
71 102
71 103
71 104
71 105
71 106
71 107
71 108
71 174
71 175
71 176
71 177
71 178
71 179
71 180
71 181
71 182
71 183
71 184
71 185
71 186
71 187
71 188
71 189
71 190
71 191
71 192
71 229
71 230
71 231
71 232
71 233
71 234
71 235
71 236
71 237
71 238
71 239
71 240
71 241
71 242
71 243
71 244
71 245
71 246
71 247
71 248
71 249
71 250
71 251
71 252
71 253
72 80
72 81
72 82
72 83
72 84
72 85
72 86
72 87
72 88
72 89
72 90
72 91
72 92
72 93
72 94
72 95
72 96
72 97
72 98
72 99
72 100
72 101
72 102
72 103
72 104
72 105
72 106
72 107
72 108
72 174
72 175
72 176
72 177
72 178
72 179
72 180
72 181
72 182
72 183
72 184
72 185
72 186
72 187
72 188
72 189
72 190
72 191
72 192
72 229
72 230
72 231
72 232
72 233
72 234
72 235
72 236
72 237
72 238
72 239
72 240
72 241
72 242
72 243
72 244
72 245
72 246
72 247
72 248
72 249
72 250
72 251
72 252
72 253
73 74
73 75
73 80
73 81
73 82
73 83
73 84
73 85
73 86
73 87
73 88
73 89
73 90
73 91
73 92
73 93
73 94
73 95
73 96
73 97
73 98
73 99
73 100
73 101
73 102
73 103
73 104
73 105
73 106
73 107
73 108
73 174
73 175
73 176
73 177
73 178
73 179
73 180
73 181
73 182
73 183
73 184
73 185
73 186
73 187
73 188
73 189
73 190
73 191
73 192
73 229
73 230
73 231
73 232
73 233
73 234
73 235
73 236
73 237
73 238
73 239
73 240
73 241
73 242
73 243
73 244
73 245
73 246
73 247
73 248
73 249
73 250
73 251
73 252
73 253
74 75
74 80
74 81
74 82
74 83
74 84
74 85
74 86
74 87
74 88
74 89
74 90
74 91
74 92
74 93
74 94
74 95
74 96
74 97
74 98
74 99
74 100
74 101
74 102
74 103
74 104
74 105
74 106
74 107
74 108
74 174
74 175
74 176
74 177
74 178
74 179
74 180
74 181
74 182
74 183
74 184
74 185
74 186
74 187
74 188
74 189
74 190
74 191
74 192
74 229
74 230
74 231
74 232
74 233
74 234
74 235
74 236
74 237
74 238
74 239
74 240
74 241
74 242
74 243
74 244
74 245
74 246
74 247
74 248
74 249
74 250
74 251
74 252
74 253
75 80
75 81
75 82
75 83
75 84
75 85
75 86
75 87
75 88
75 89
75 90
75 91
75 92
75 93
75 94
75 95
75 96
75 97
75 98
75 99
75 100
75 101
75 102
75 103
75 104
75 105
75 106
75 107
75 108
75 174
75 175
75 176
75 177
75 178
75 179
75 180
75 181
75 182
75 183
75 184
75 185
75 186
75 187
75 188
75 189
75 190
75 191
75 192
75 229
75 230
75 231
75 232
75 233
75 234
75 235
75 236
75 237
75 238
75 239
75 240
75 241
75 242
75 243
75 244
75 245
75 246
75 247
75 248
75 249
75 250
75 251
75 252
75 253
76 80
76 81
76 82
76 83
76 84
76 85
76 86
76 87
76 88
76 89
76 90
76 91
76 92
76 93
76 94
76 95
76 96
76 97
76 98
76 99
76 100
76 101
76 102
76 103
76 104
76 105
76 106
76 107
76 108
76 174
76 175
76 176
76 177
76 178
76 179
76 180
76 181
76 182
76 183
76 184
76 185
76 186
76 187
76 188
76 189
76 190
76 191
76 192
76 229
76 230
76 231
76 232
76 233
76 234
76 235
76 236
76 237
76 238
76 239
76 240
76 241
76 242
76 243
76 244
76 245
76 246
76 247
76 248
76 249
76 250
76 251
76 252
76 253
77 80
77 81
77 82
77 83
77 84
77 85
77 86
77 87
77 88
77 89
77 90
77 91
77 92
77 93
77 94
77 95
77 96
77 97
77 98
77 99
77 100
77 101
77 102
77 103
77 104
77 105
77 106
77 107
77 108
77 174
77 175
77 176
77 177
77 178
77 179
77 180
77 181
77 182
77 183
77 184
77 185
77 186
77 187
77 188
77 189
77 190
77 191
77 192
77 229
77 230
77 231
77 232
77 233
77 234
77 235
77 236
77 237
77 238
77 239
77 240
77 241
77 242
77 243
77 244
77 245
77 246
77 247
77 248
77 249
77 250
77 251
77 252
77 253
78 80
78 81
78 82
78 83
78 84
78 85
78 86
78 87
78 88
78 89
78 90
78 91
78 92
78 93
78 94
78 95
78 96
78 97
78 98
78 99
78 100
78 101
78 102
78 103
78 104
78 105
78 106
78 107
78 108
78 174
78 175
78 176
78 177
78 178
78 179
78 180
78 181
78 182
78 183
78 184
78 185
78 186
78 187
78 188
78 189
78 190
78 191
78 192
78 229
78 230
78 231
78 232
78 233
78 234
78 235
78 236
78 237
78 238
78 239
78 240
78 241
78 242
78 243
78 244
78 245
78 246
78 247
78 248
78 249
78 250
78 251
78 252
78 253
79 80
79 81
79 82
79 83
79 84
79 85
79 86
79 87
79 88
79 89
79 90
79 91
79 92
79 93
79 94
79 95
79 96
79 97
79 98
79 99
79 100
79 101
79 102
79 103
79 104
79 105
79 106
79 107
79 108
79 174
79 175
79 176
79 177
79 178
79 179
79 180
79 181
79 182
79 183
79 184
79 185
79 186
79 187
79 188
79 189
79 190
79 191
79 192
79 229
79 230
79 231
79 232
79 233
79 234
79 235
79 236
79 237
79 238
79 239
79 240
79 241
79 242
79 243
79 244
79 245
79 246
79 247
79 248
79 249
79 250
79 251
79 252
79 253
80 81
80 82
80 109
80 110
80 111
80 112
80 113
80 114
80 115
80 116
80 117
80 118
80 119
80 120
80 121
80 122
80 123
80 124
80 125
80 126
80 127
80 128
80 129
80 130
80 131
80 132
80 133
80 134
80 135
80 136
80 137
80 138
80 139
80 140
80 141
80 174
80 175
80 176
80 177
80 178
80 179
80 180
80 181
80 182
80 183
80 184
80 185
80 186
80 187
80 188
80 189
80 190
80 191
80 192
81 82
81 109
81 110
81 111
81 112
81 113
81 114
81 115
81 116
81 117
81 118
81 119
81 120
81 121
81 122
81 123
81 124
81 125
81 126
81 127
81 128
81 129
81 130
81 131
81 132
81 133
81 134
81 135
81 136
81 137
81 138
81 139
81 140
81 141
81 174
81 175
81 176
81 177
81 178
81 179
81 180
81 181
81 182
81 183
81 184
81 185
81 186
81 187
81 188
81 189
81 190
81 191
81 192
82 109
82 110
82 111
82 112
82 113
82 114
82 115
82 116
82 117
82 118
82 119
82 120
82 121
82 122
82 123
82 124
82 125
82 126
82 127
82 128
82 129
82 130
82 131
82 132
82 133
82 134
82 135
82 136
82 137
82 138
82 139
82 140
82 141
82 174
82 175
82 176
82 177
82 178
82 179
82 180
82 181
82 182
82 183
82 184
82 185
82 186
82 187
82 188
82 189
82 190
82 191
82 192
83 109
83 110
83 111
83 112
83 113
83 114
83 115
83 116
83 117
83 118
83 119
83 120
83 121
83 122
83 123
83 124
83 125
83 126
83 127
83 128
83 129
83 130
83 131
83 132
83 133
83 134
83 135
83 136
83 137
83 138
83 139
83 140
83 141
83 174
83 175
83 176
83 177
83 178
83 179
83 180
83 181
83 182
83 183
83 184
83 185
83 186
83 187
83 188
83 189
83 190
83 191
83 192
84 85
84 109
84 110
84 111
84 112
84 113
84 114
84 115
84 116
84 117
84 118
84 119
84 120
84 121
84 122
84 123
84 124
84 125
84 126
84 127
84 128
84 129
84 130
84 131
84 132
84 133
84 134
84 135
84 136
84 137
84 138
84 139
84 140
84 141
84 174
84 175
84 176
84 177
84 178
84 179
84 180
84 181
84 182
84 183
84 184
84 185
84 186
84 187
84 188
84 189
84 190
84 191
84 192
85 109
85 110
85 111
85 112
85 113
85 114
85 115
85 116
85 117
85 118
85 119
85 120
85 121
85 122
85 123
85 124
85 125
85 126
85 127
85 128
85 129
85 130
85 131
85 132
85 133
85 134
85 135
85 136
85 137
85 138
85 139
85 140
85 141
85 174
85 175
85 176
85 177
85 178
85 179
85 180
85 181
85 182
85 183
85 184
85 185
85 186
85 187
85 188
85 189
85 190
85 191
85 192
86 109
86 110
86 111
86 112
86 113
86 114
86 115
86 116
86 117
86 118
86 119
86 120
86 121
86 122
86 123
86 124
86 125
86 126
86 127
86 128
86 129
86 130
86 131
86 132
86 133
86 134
86 135
86 136
86 137
86 138
86 139
86 140
86 141
86 174
86 175
86 176
86 177
86 178
86 179
86 180
86 181
86 182
86 183
86 184
86 185
86 186
86 187
86 188
86 189
86 190
86 191
86 192
87 88
87 89
87 90
87 91
87 92
87 109
87 110
87 111
87 112
87 113
87 114
87 115
87 116
87 117
87 118
87 119
87 120
87 121
87 122
87 123
87 124
87 125
87 126
87 127
87 128
87 129
87 130
87 131
87 132
87 133
87 134
87 135
87 136
87 137
87 138
87 139
87 140
87 141
87 174
87 175
87 176
87 177
87 178
87 179
87 180
87 181
87 182
87 183
87 184
87 185
87 186
87 187
87 188
87 189
87 190
87 191
87 192
88 89
88 90
88 91
88 92
88 109
88 110
88 111
88 112
88 113
88 114
88 115
88 116
88 117
88 118
88 119
88 120
88 121
88 122
88 123
88 124
88 125
88 126
88 127
88 128
88 129
88 130
88 131
88 132
88 133
88 134
88 135
88 136
88 137
88 138
88 139
88 140
88 141
88 174
88 175
88 176
88 177
88 178
88 179
88 180
88 181
88 182
88 183
88 184
88 185
88 186
88 187
88 188
88 189
88 190
88 191
88 192
89 90
89 91
89 92
89 109
89 110
89 111
89 112
89 113
89 114
89 115
89 116
89 117
89 118
89 119
89 120
89 121
89 122
89 123
89 124
89 125
89 126
89 127
89 128
89 129
89 130
89 131
89 132
89 133
89 134
89 135
89 136
89 137
89 138
89 139
89 140
89 141
89 174
89 175
89 176
89 177
89 178
89 179
89 180
89 181
89 182
89 183
89 184
89 185
89 186
89 187
89 188
89 189
89 190
89 191
89 192
90 91
90 92
90 109
90 110
90 111
90 112
90 113
90 114
90 115
90 116
90 117
90 118
90 119
90 120
90 121
90 122
90 123
90 124
90 125
90 126
90 127
90 128
90 129
90 130
90 131
90 132
90 133
90 134
90 135
90 136
90 137
90 138
90 139
90 140
90 141
90 174
90 175
90 176
90 177
90 178
90 179
90 180
90 181
90 182
90 183
90 184
90 185
90 186
90 187
90 188
90 189
90 190
90 191
90 192
91 92
91 109
91 110
91 111
91 112
91 113
91 114
91 115
91 116
91 117
91 118
91 119
91 120
91 121
91 122
91 123
91 124
91 125
91 126
91 127
91 128
91 129
91 130
91 131
91 132
91 133
91 134
91 135
91 136
91 137
91 138
91 139
91 140
91 141
91 174
91 175
91 176
91 177
91 178
91 179
91 180
91 181
91 182
91 183
91 184
91 185
91 186
91 187
91 188
91 189
91 190
91 191
91 192
92 109
92 110
92 111
92 112
92 113
92 114
92 115
92 116
92 117
92 118
92 119
92 120
92 121
92 122
92 123
92 124
92 125
92 126
92 127
92 128
92 129
92 130
92 131
92 132
92 133
92 134
92 135
92 136
92 137
92 138
92 139
92 140
92 141
92 174
92 175
92 176
92 177
92 178
92 179
92 180
92 181
92 182
92 183
92 184
92 185
92 186
92 187
92 188
92 189
92 190
92 191
92 192
93 109
93 110
93 111
93 112
93 113
93 114
93 115
93 116
93 117
93 118
93 119
93 120
93 121
93 122
93 123
93 124
93 125
93 126
93 127
93 128
93 129
93 130
93 131
93 132
93 133
93 134
93 135
93 136
93 137
93 138
93 139
93 140
93 141
93 174
93 175
93 176
93 177
93 178
93 179
93 180
93 181
93 182
93 183
93 184
93 185
93 186
93 187
93 188
93 189
93 190
93 191
93 192
94 109
94 110
94 111
94 112
94 113
94 114
94 115
94 116
94 117
94 118
94 119
94 120
94 121
94 122
94 123
94 124
94 125
94 126
94 127
94 128
94 129
94 130
94 131
94 132
94 133
94 134
94 135
94 136
94 137
94 138
94 139
94 140
94 141
94 174
94 175
94 176
94 177
94 178
94 179
94 180
94 181
94 182
94 183
94 184
94 185
94 186
94 187
94 188
94 189
94 190
94 191
94 192
95 96
95 97
95 98
95 109
95 110
95 111
95 112
95 113
95 114
95 115
95 116
95 117
95 118
95 119
95 120
95 121
95 122
95 123
95 124
95 125
95 126
95 127
95 128
95 129
95 130
95 131
95 132
95 133
95 134
95 135
95 136
95 137
95 138
95 139
95 140
95 141
95 174
95 175
95 176
95 177
95 178
95 179
95 180
95 181
95 182
95 183
95 184
95 185
95 186
95 187
95 188
95 189
95 190
95 191
95 192
96 97
96 98
96 109
96 110
96 111
96 112
96 113
96 114
96 115
96 116
96 117
96 118
96 119
96 120
96 121
96 122
96 123
96 124
96 125
96 126
96 127
96 128
96 129
96 130
96 131
96 132
96 133
96 134
96 135
96 136
96 137
96 138
96 139
96 140
96 141
96 174
96 175
96 176
96 177
96 178
96 179
96 180
96 181
96 182
96 183
96 184
96 185
96 186
96 187
96 188
96 189
96 190
96 191
96 192
97 98
97 109
97 110
97 111
97 112
97 113
97 114
97 115
97 116
97 117
97 118
97 119
97 120
97 121
97 122
97 123
97 124
97 125
97 126
97 127
97 128
97 129
97 130
97 131
97 132
97 133
97 134
97 135
97 136
97 137
97 138
97 139
97 140
97 141
97 174
97 175
97 176
97 177
97 178
97 179
97 180
97 181
97 182
97 183
97 184
97 185
97 186
97 187
97 188
97 189
97 190
97 191
97 192
98 109
98 110
98 111
98 112
98 113
98 114
98 115
98 116
98 117
98 118
98 119
98 120
98 121
98 122
98 123
98 124
98 125
98 126
98 127
98 128
98 129
98 130
98 131
98 132
98 133
98 134
98 135
98 136
98 137
98 138
98 139
98 140
98 141
98 174
98 175
98 176
98 177
98 178
98 179
98 180
98 181
98 182
98 183
98 184
98 185
98 186
98 187
98 188
98 189
98 190
98 191
98 192
99 109
99 110
99 111
99 112
99 113
99 114
99 115
99 116
99 117
99 118
99 119
99 120
99 121
99 122
99 123
99 124
99 125
99 126
99 127
99 128
99 129
99 130
99 131
99 132
99 133
99 134
99 135
99 136
99 137
99 138
99 139
99 140
99 141
99 174
99 175
99 176
99 177
99 178
99 179
99 180
99 181
99 182
99 183
99 184
99 185
99 186
99 187
99 188
99 189
99 190
99 191
99 192
100 101
100 102
100 103
100 104
100 109
100 110
100 111
100 112
100 113
100 114
100 115
100 116
100 117
100 118
100 119
100 120
100 121
100 122
100 123
100 124
100 125
100 126
100 127
100 128
100 129
100 130
100 131
100 132
100 133
100 134
100 135
100 136
100 137
100 138
100 139
100 140
100 141
100 174
100 175
100 176
100 177
100 178
100 179
100 180
100 181
100 182
100 183
100 184
100 185
100 186
100 187
100 188
100 189
100 190
100 191
100 192
101 102
101 103
101 104
101 109
101 110
101 111
101 112
101 113
101 114
101 115
101 116
101 117
101 118
101 119
101 120
101 121
101 122
101 123
101 124
101 125
101 126
101 127
101 128
101 129
101 130
101 131
101 132
101 133
101 134
101 135
101 136
101 137
101 138
101 139
101 140
101 141
101 174
101 175
101 176
101 177
101 178
101 179
101 180
101 181
101 182
101 183
101 184
101 185
101 186
101 187
101 188
101 189
101 190
101 191
101 192
102 103
102 104
102 109
102 110
102 111
102 112
102 113
102 114
102 115
102 116
102 117
102 118
102 119
102 120
102 121
102 122
102 123
102 124
102 125
102 126
102 127
102 128
102 129
102 130
102 131
102 132
102 133
102 134
102 135
102 136
102 137
102 138
102 139
102 140
102 141
102 174
102 175
102 176
102 177
102 178
102 179
102 180
102 181
102 182
102 183
102 184
102 185
102 186
102 187
102 188
102 189
102 190
102 191
102 192
103 104
103 109
103 110
103 111
103 112
103 113
103 114
103 115
103 116
103 117
103 118
103 119
103 120
103 121
103 122
103 123
103 124
103 125
103 126
103 127
103 128
103 129
103 130
103 131
103 132
103 133
103 134
103 135
103 136
103 137
103 138
103 139
103 140
103 141
103 174
103 175
103 176
103 177
103 178
103 179
103 180
103 181
103 182
103 183
103 184
103 185
103 186
103 187
103 188
103 189
103 190
103 191
103 192
104 109
104 110
104 111
104 112
104 113
104 114
104 115
104 116
104 117
104 118
104 119
104 120
104 121
104 122
104 123
104 124
104 125
104 126
104 127
104 128
104 129
104 130
104 131
104 132
104 133
104 134
104 135
104 136
104 137
104 138
104 139
104 140
104 141
104 174
104 175
104 176
104 177
104 178
104 179
104 180
104 181
104 182
104 183
104 184
104 185
104 186
104 187
104 188
104 189
104 190
104 191
104 192
105 106
105 107
105 109
105 110
105 111
105 112
105 113
105 114
105 115
105 116
105 117
105 118
105 119
105 120
105 121
105 122
105 123
105 124
105 125
105 126
105 127
105 128
105 129
105 130
105 131
105 132
105 133
105 134
105 135
105 136
105 137
105 138
105 139
105 140
105 141
105 174
105 175
105 176
105 177
105 178
105 179
105 180
105 181
105 182
105 183
105 184
105 185
105 186
105 187
105 188
105 189
105 190
105 191
105 192
106 107
106 109
106 110
106 111
106 112
106 113
106 114
106 115
106 116
106 117
106 118
106 119
106 120
106 121
106 122
106 123
106 124
106 125
106 126
106 127
106 128
106 129
106 130
106 131
106 132
106 133
106 134
106 135
106 136
106 137
106 138
106 139
106 140
106 141
106 174
106 175
106 176
106 177
106 178
106 179
106 180
106 181
106 182
106 183
106 184
106 185
106 186
106 187
106 188
106 189
106 190
106 191
106 192
107 109
107 110
107 111
107 112
107 113
107 114
107 115
107 116
107 117
107 118
107 119
107 120
107 121
107 122
107 123
107 124
107 125
107 126
107 127
107 128
107 129
107 130
107 131
107 132
107 133
107 134
107 135
107 136
107 137
107 138
107 139
107 140
107 141
107 174
107 175
107 176
107 177
107 178
107 179
107 180
107 181
107 182
107 183
107 184
107 185
107 186
107 187
107 188
107 189
107 190
107 191
107 192
108 109
108 110
108 111
108 112
108 113
108 114
108 115
108 116
108 117
108 118
108 119
108 120
108 121
108 122
108 123
108 124
108 125
108 126
108 127
108 128
108 129
108 130
108 131
108 132
108 133
108 134
108 135
108 136
108 137
108 138
108 139
108 140
108 141
108 174
108 175
108 176
108 177
108 178
108 179
108 180
108 181
108 182
108 183
108 184
108 185
108 186
108 187
108 188
108 189
108 190
108 191
108 192
109 110
109 111
109 112
109 142
109 143
109 144
109 145
109 146
109 147
109 148
109 149
109 150
109 174
109 175
109 176
109 177
109 178
109 179
109 180
109 181
109 182
109 183
109 184
109 185
109 186
109 187
109 188
109 189
109 190
109 191
109 192
110 111
110 112
110 142
110 143
110 144
110 145
110 146
110 147
110 148
110 149
110 150
110 174
110 175
110 176
110 177
110 178
110 179
110 180
110 181
110 182
110 183
110 184
110 185
110 186
110 187
110 188
110 189
110 190
110 191
110 192
111 112
111 142
111 143
111 144
111 145
111 146
111 147
111 148
111 149
111 150
111 174
111 175
111 176
111 177
111 178
111 179
111 180
111 181
111 182
111 183
111 184
111 185
111 186
111 187
111 188
111 189
111 190
111 191
111 192
112 142
112 143
112 144
112 145
112 146
112 147
112 148
112 149
112 150
112 174
112 175
112 176
112 177
112 178
112 179
112 180
112 181
112 182
112 183
112 184
112 185
112 186
112 187
112 188
112 189
112 190
112 191
112 192
113 142
113 143
113 144
113 145
113 146
113 147
113 148
113 149
113 150
113 174
113 175
113 176
113 177
113 178
113 179
113 180
113 181
113 182
113 183
113 184
113 185
113 186
113 187
113 188
113 189
113 190
113 191
113 192
114 142
114 143
114 144
114 145
114 146
114 147
114 148
114 149
114 150
114 174
114 175
114 176
114 177
114 178
114 179
114 180
114 181
114 182
114 183
114 184
114 185
114 186
114 187
114 188
114 189
114 190
114 191
114 192
115 142
115 143
115 144
115 145
115 146
115 147
115 148
115 149
115 150
115 174
115 175
115 176
115 177
115 178
115 179
115 180
115 181
115 182
115 183
115 184
115 185
115 186
115 187
115 188
115 189
115 190
115 191
115 192
116 142
116 143
116 144
116 145
116 146
116 147
116 148
116 149
116 150
116 174
116 175
116 176
116 177
116 178
116 179
116 180
116 181
116 182
116 183
116 184
116 185
116 186
116 187
116 188
116 189
116 190
116 191
116 192
117 118
117 119
117 120
117 121
117 142
117 143
117 144
117 145
117 146
117 147
117 148
117 149
117 150
117 174
117 175
117 176
117 177
117 178
117 179
117 180
117 181
117 182
117 183
117 184
117 185
117 186
117 187
117 188
117 189
117 190
117 191
117 192
118 119
118 120
118 121
118 142
118 143
118 144
118 145
118 146
118 147
118 148
118 149
118 150
118 174
118 175
118 176
118 177
118 178
118 179
118 180
118 181
118 182
118 183
118 184
118 185
118 186
118 187
118 188
118 189
118 190
118 191
118 192
119 120
119 121
119 142
119 143
119 144
119 145
119 146
119 147
119 148
119 149
119 150
119 174
119 175
119 176
119 177
119 178
119 179
119 180
119 181
119 182
119 183
119 184
119 185
119 186
119 187
119 188
119 189
119 190
119 191
119 192
120 121
120 142
120 143
120 144
120 145
120 146
120 147
120 148
120 149
120 150
120 174
120 175
120 176
120 177
120 178
120 179
120 180
120 181
120 182
120 183
120 184
120 185
120 186
120 187
120 188
120 189
120 190
120 191
120 192
121 142
121 143
121 144
121 145
121 146
121 147
121 148
121 149
121 150
121 174
121 175
121 176
121 177
121 178
121 179
121 180
121 181
121 182
121 183
121 184
121 185
121 186
121 187
121 188
121 189
121 190
121 191
121 192
122 123
122 142
122 143
122 144
122 145
122 146
122 147
122 148
122 149
122 150
122 174
122 175
122 176
122 177
122 178
122 179
122 180
122 181
122 182
122 183
122 184
122 185
122 186
122 187
122 188
122 189
122 190
122 191
122 192
123 142
123 143
123 144
123 145
123 146
123 147
123 148
123 149
123 150
123 174
123 175
123 176
123 177
123 178
123 179
123 180
123 181
123 182
123 183
123 184
123 185
123 186
123 187
123 188
123 189
123 190
123 191
123 192
124 142
124 143
124 144
124 145
124 146
124 147
124 148
124 149
124 150
124 174
124 175
124 176
124 177
124 178
124 179
124 180
124 181
124 182
124 183
124 184
124 185
124 186
124 187
124 188
124 189
124 190
124 191
124 192
125 142
125 143
125 144
125 145
125 146
125 147
125 148
125 149
125 150
125 174
125 175
125 176
125 177
125 178
125 179
125 180
125 181
125 182
125 183
125 184
125 185
125 186
125 187
125 188
125 189
125 190
125 191
125 192
126 127
126 142
126 143
126 144
126 145
126 146
126 147
126 148
126 149
126 150
126 174
126 175
126 176
126 177
126 178
126 179
126 180
126 181
126 182
126 183
126 184
126 185
126 186
126 187
126 188
126 189
126 190
126 191
126 192
127 142
127 143
127 144
127 145
127 146
127 147
127 148
127 149
127 150
127 174
127 175
127 176
127 177
127 178
127 179
127 180
127 181
127 182
127 183
127 184
127 185
127 186
127 187
127 188
127 189
127 190
127 191
127 192
128 129
128 130
128 142
128 143
128 144
128 145
128 146
128 147
128 148
128 149
128 150
128 174
128 175
128 176
128 177
128 178
128 179
128 180
128 181
128 182
128 183
128 184
128 185
128 186
128 187
128 188
128 189
128 190
128 191
128 192
129 130
129 142
129 143
129 144
129 145
129 146
129 147
129 148
129 149
129 150
129 174
129 175
129 176
129 177
129 178
129 179
129 180
129 181
129 182
129 183
129 184
129 185
129 186
129 187
129 188
129 189
129 190
129 191
129 192
130 142
130 143
130 144
130 145
130 146
130 147
130 148
130 149
130 150
130 174
130 175
130 176
130 177
130 178
130 179
130 180
130 181
130 182
130 183
130 184
130 185
130 186
130 187
130 188
130 189
130 190
130 191
130 192
131 132
131 133
131 142
131 143
131 144
131 145
131 146
131 147
131 148
131 149
131 150
131 174
131 175
131 176
131 177
131 178
131 179
131 180
131 181
131 182
131 183
131 184
131 185
131 186
131 187
131 188
131 189
131 190
131 191
131 192
132 133
132 142
132 143
132 144
132 145
132 146
132 147
132 148
132 149
132 150
132 174
132 175
132 176
132 177
132 178
132 179
132 180
132 181
132 182
132 183
132 184
132 185
132 186
132 187
132 188
132 189
132 190
132 191
132 192
133 142
133 143
133 144
133 145
133 146
133 147
133 148
133 149
133 150
133 174
133 175
133 176
133 177
133 178
133 179
133 180
133 181
133 182
133 183
133 184
133 185
133 186
133 187
133 188
133 189
133 190
133 191
133 192
134 142
134 143
134 144
134 145
134 146
134 147
134 148
134 149
134 150
134 174
134 175
134 176
134 177
134 178
134 179
134 180
134 181
134 182
134 183
134 184
134 185
134 186
134 187
134 188
134 189
134 190
134 191
134 192
135 142
135 143
135 144
135 145
135 146
135 147
135 148
135 149
135 150
135 174
135 175
135 176
135 177
135 178
135 179
135 180
135 181
135 182
135 183
135 184
135 185
135 186
135 187
135 188
135 189
135 190
135 191
135 192
136 142
136 143
136 144
136 145
136 146
136 147
136 148
136 149
136 150
136 174
136 175
136 176
136 177
136 178
136 179
136 180
136 181
136 182
136 183
136 184
136 185
136 186
136 187
136 188
136 189
136 190
136 191
136 192
137 138
137 142
137 143
137 144
137 145
137 146
137 147
137 148
137 149
137 150
137 174
137 175
137 176
137 177
137 178
137 179
137 180
137 181
137 182
137 183
137 184
137 185
137 186
137 187
137 188
137 189
137 190
137 191
137 192
138 142
138 143
138 144
138 145
138 146
138 147
138 148
138 149
138 150
138 174
138 175
138 176
138 177
138 178
138 179
138 180
138 181
138 182
138 183
138 184
138 185
138 186
138 187
138 188
138 189
138 190
138 191
138 192
139 142
139 143
139 144
139 145
139 146
139 147
139 148
139 149
139 150
139 174
139 175
139 176
139 177
139 178
139 179
139 180
139 181
139 182
139 183
139 184
139 185
139 186
139 187
139 188
139 189
139 190
139 191
139 192
140 141
140 142
140 143
140 144
140 145
140 146
140 147
140 148
140 149
140 150
140 174
140 175
140 176
140 177
140 178
140 179
140 180
140 181
140 182
140 183
140 184
140 185
140 186
140 187
140 188
140 189
140 190
140 191
140 192
141 142
141 143
141 144
141 145
141 146
141 147
141 148
141 149
141 150
141 174
141 175
141 176
141 177
141 178
141 179
141 180
141 181
141 182
141 183
141 184
141 185
141 186
141 187
141 188
141 189
141 190
141 191
141 192
142 151
142 152
142 153
142 154
142 155
142 156
142 157
142 158
142 159
142 160
142 161
142 162
142 163
142 164
142 165
142 166
142 167
142 168
142 169
142 170
142 171
142 172
142 173
142 174
142 175
142 176
142 177
142 178
142 179
142 180
142 181
142 182
142 183
142 184
142 185
142 186
142 187
142 188
142 189
142 190
142 191
142 192
143 144
143 145
143 151
143 152
143 153
143 154
143 155
143 156
143 157
143 158
143 159
143 160
143 161
143 162
143 163
143 164
143 165
143 166
143 167
143 168
143 169
143 170
143 171
143 172
143 173
143 174
143 175
143 176
143 177
143 178
143 179
143 180
143 181
143 182
143 183
143 184
143 185
143 186
143 187
143 188
143 189
143 190
143 191
143 192
144 145
144 151
144 152
144 153
144 154
144 155
144 156
144 157
144 158
144 159
144 160
144 161
144 162
144 163
144 164
144 165
144 166
144 167
144 168
144 169
144 170
144 171
144 172
144 173
144 174
144 175
144 176
144 177
144 178
144 179
144 180
144 181
144 182
144 183
144 184
144 185
144 186
144 187
144 188
144 189
144 190
144 191
144 192
145 151
145 152
145 153
145 154
145 155
145 156
145 157
145 158
145 159
145 160
145 161
145 162
145 163
145 164
145 165
145 166
145 167
145 168
145 169
145 170
145 171
145 172
145 173
145 174
145 175
145 176
145 177
145 178
145 179
145 180
145 181
145 182
145 183
145 184
145 185
145 186
145 187
145 188
145 189
145 190
145 191
145 192
146 147
146 148
146 149
146 151
146 152
146 153
146 154
146 155
146 156
146 157
146 158
146 159
146 160
146 161
146 162
146 163
146 164
146 165
146 166
146 167
146 168
146 169
146 170
146 171
146 172
146 173
146 174
146 175
146 176
146 177
146 178
146 179
146 180
146 181
146 182
146 183
146 184
146 185
146 186
146 187
146 188
146 189
146 190
146 191
146 192
147 148
147 149
147 151
147 152
147 153
147 154
147 155
147 156
147 157
147 158
147 159
147 160
147 161
147 162
147 163
147 164
147 165
147 166
147 167
147 168
147 169
147 170
147 171
147 172
147 173
147 174
147 175
147 176
147 177
147 178
147 179
147 180
147 181
147 182
147 183
147 184
147 185
147 186
147 187
147 188
147 189
147 190
147 191
147 192
148 149
148 151
148 152
148 153
148 154
148 155
148 156
148 157
148 158
148 159
148 160
148 161
148 162
148 163
148 164
148 165
148 166
148 167
148 168
148 169
148 170
148 171
148 172
148 173
148 174
148 175
148 176
148 177
148 178
148 179
148 180
148 181
148 182
148 183
148 184
148 185
148 186
148 187
148 188
148 189
148 190
148 191
148 192
149 151
149 152
149 153
149 154
149 155
149 156
149 157
149 158
149 159
149 160
149 161
149 162
149 163
149 164
149 165
149 166
149 167
149 168
149 169
149 170
149 171
149 172
149 173
149 174
149 175
149 176
149 177
149 178
149 179
149 180
149 181
149 182
149 183
149 184
149 185
149 186
149 187
149 188
149 189
149 190
149 191
149 192
150 151
150 152
150 153
150 154
150 155
150 156
150 157
150 158
150 159
150 160
150 161
150 162
150 163
150 164
150 165
150 166
150 167
150 168
150 169
150 170
150 171
150 172
150 173
150 174
150 175
150 176
150 177
150 178
150 179
150 180
150 181
150 182
150 183
150 184
150 185
150 186
150 187
150 188
150 189
150 190
150 191
150 192
151 152
151 153
151 154
151 155
151 174
151 175
151 176
151 177
151 178
151 179
151 180
151 181
151 182
151 183
151 184
151 185
151 186
151 187
151 188
151 189
151 190
151 191
151 192
151 209
151 210
151 211
151 212
151 213
151 214
151 215
151 216
151 217
151 218
151 219
151 220
151 221
151 222
151 223
151 224
151 225
151 226
151 227
151 228
152 153
152 154
152 155
152 174
152 175
152 176
152 177
152 178
152 179
152 180
152 181
152 182
152 183
152 184
152 185
152 186
152 187
152 188
152 189
152 190
152 191
152 192
152 209
152 210
152 211
152 212
152 213
152 214
152 215
152 216
152 217
152 218
152 219
152 220
152 221
152 222
152 223
152 224
152 225
152 226
152 227
152 228
153 154
153 155
153 174
153 175
153 176
153 177
153 178
153 179
153 180
153 181
153 182
153 183
153 184
153 185
153 186
153 187
153 188
153 189
153 190
153 191
153 192
153 209
153 210
153 211
153 212
153 213
153 214
153 215
153 216
153 217
153 218
153 219
153 220
153 221
153 222
153 223
153 224
153 225
153 226
153 227
153 228
154 155
154 174
154 175
154 176
154 177
154 178
154 179
154 180
154 181
154 182
154 183
154 184
154 185
154 186
154 187
154 188
154 189
154 190
154 191
154 192
154 209
154 210
154 211
154 212
154 213
154 214
154 215
154 216
154 217
154 218
154 219
154 220
154 221
154 222
154 223
154 224
154 225
154 226
154 227
154 228
155 174
155 175
155 176
155 177
155 178
155 179
155 180
155 181
155 182
155 183
155 184
155 185
155 186
155 187
155 188
155 189
155 190
155 191
155 192
155 209
155 210
155 211
155 212
155 213
155 214
155 215
155 216
155 217
155 218
155 219
155 220
155 221
155 222
155 223
155 224
155 225
155 226
155 227
155 228
156 174
156 175
156 176
156 177
156 178
156 179
156 180
156 181
156 182
156 183
156 184
156 185
156 186
156 187
156 188
156 189
156 190
156 191
156 192
156 209
156 210
156 211
156 212
156 213
156 214
156 215
156 216
156 217
156 218
156 219
156 220
156 221
156 222
156 223
156 224
156 225
156 226
156 227
156 228
157 174
157 175
157 176
157 177
157 178
157 179
157 180
157 181
157 182
157 183
157 184
157 185
157 186
157 187
157 188
157 189
157 190
157 191
157 192
157 209
157 210
157 211
157 212
157 213
157 214
157 215
157 216
157 217
157 218
157 219
157 220
157 221
157 222
157 223
157 224
157 225
157 226
157 227
157 228
158 174
158 175
158 176
158 177
158 178
158 179
158 180
158 181
158 182
158 183
158 184
158 185
158 186
158 187
158 188
158 189
158 190
158 191
158 192
158 209
158 210
158 211
158 212
158 213
158 214
158 215
158 216
158 217
158 218
158 219
158 220
158 221
158 222
158 223
158 224
158 225
158 226
158 227
158 228
159 174
159 175
159 176
159 177
159 178
159 179
159 180
159 181
159 182
159 183
159 184
159 185
159 186
159 187
159 188
159 189
159 190
159 191
159 192
159 209
159 210
159 211
159 212
159 213
159 214
159 215
159 216
159 217
159 218
159 219
159 220
159 221
159 222
159 223
159 224
159 225
159 226
159 227
159 228
160 161
160 162
160 163
160 174
160 175
160 176
160 177
160 178
160 179
160 180
160 181
160 182
160 183
160 184
160 185
160 186
160 187
160 188
160 189
160 190
160 191
160 192
160 209
160 210
160 211
160 212
160 213
160 214
160 215
160 216
160 217
160 218
160 219
160 220
160 221
160 222
160 223
160 224
160 225
160 226
160 227
160 228
161 162
161 163
161 174
161 175
161 176
161 177
161 178
161 179
161 180
161 181
161 182
161 183
161 184
161 185
161 186
161 187
161 188
161 189
161 190
161 191
161 192
161 209
161 210
161 211
161 212
161 213
161 214
161 215
161 216
161 217
161 218
161 219
161 220
161 221
161 222
161 223
161 224
161 225
161 226
161 227
161 228
162 163
162 174
162 175
162 176
162 177
162 178
162 179
162 180
162 181
162 182
162 183
162 184
162 185
162 186
162 187
162 188
162 189
162 190
162 191
162 192
162 209
162 210
162 211
162 212
162 213
162 214
162 215
162 216
162 217
162 218
162 219
162 220
162 221
162 222
162 223
162 224
162 225
162 226
162 227
162 228
163 174
163 175
163 176
163 177
163 178
163 179
163 180
163 181
163 182
163 183
163 184
163 185
163 186
163 187
163 188
163 189
163 190
163 191
163 192
163 209
163 210
163 211
163 212
163 213
163 214
163 215
163 216
163 217
163 218
163 219
163 220
163 221
163 222
163 223
163 224
163 225
163 226
163 227
163 228
164 165
164 174
164 175
164 176
164 177
164 178
164 179
164 180
164 181
164 182
164 183
164 184
164 185
164 186
164 187
164 188
164 189
164 190
164 191
164 192
164 209
164 210
164 211
164 212
164 213
164 214
164 215
164 216
164 217
164 218
164 219
164 220
164 221
164 222
164 223
164 224
164 225
164 226
164 227
164 228
165 174
165 175
165 176
165 177
165 178
165 179
165 180
165 181
165 182
165 183
165 184
165 185
165 186
165 187
165 188
165 189
165 190
165 191
165 192
165 209
165 210
165 211
165 212
165 213
165 214
165 215
165 216
165 217
165 218
165 219
165 220
165 221
165 222
165 223
165 224
165 225
165 226
165 227
165 228
166 174
166 175
166 176
166 177
166 178
166 179
166 180
166 181
166 182
166 183
166 184
166 185
166 186
166 187
166 188
166 189
166 190
166 191
166 192
166 209
166 210
166 211
166 212
166 213
166 214
166 215
166 216
166 217
166 218
166 219
166 220
166 221
166 222
166 223
166 224
166 225
166 226
166 227
166 228
167 174
167 175
167 176
167 177
167 178
167 179
167 180
167 181
167 182
167 183
167 184
167 185
167 186
167 187
167 188
167 189
167 190
167 191
167 192
167 209
167 210
167 211
167 212
167 213
167 214
167 215
167 216
167 217
167 218
167 219
167 220
167 221
167 222
167 223
167 224
167 225
167 226
167 227
167 228
168 169
168 174
168 175
168 176
168 177
168 178
168 179
168 180
168 181
168 182
168 183
168 184
168 185
168 186
168 187
168 188
168 189
168 190
168 191
168 192
168 209
168 210
168 211
168 212
168 213
168 214
168 215
168 216
168 217
168 218
168 219
168 220
168 221
168 222
168 223
168 224
168 225
168 226
168 227
168 228
169 174
169 175
169 176
169 177
169 178
169 179
169 180
169 181
169 182
169 183
169 184
169 185
169 186
169 187
169 188
169 189
169 190
169 191
169 192
169 209
169 210
169 211
169 212
169 213
169 214
169 215
169 216
169 217
169 218
169 219
169 220
169 221
169 222
169 223
169 224
169 225
169 226
169 227
169 228
170 174
170 175
170 176
170 177
170 178
170 179
170 180
170 181
170 182
170 183
170 184
170 185
170 186
170 187
170 188
170 189
170 190
170 191
170 192
170 209
170 210
170 211
170 212
170 213
170 214
170 215
170 216
170 217
170 218
170 219
170 220
170 221
170 222
170 223
170 224
170 225
170 226
170 227
170 228
171 172
171 173
171 174
171 175
171 176
171 177
171 178
171 179
171 180
171 181
171 182
171 183
171 184
171 185
171 186
171 187
171 188
171 189
171 190
171 191
171 192
171 209
171 210
171 211
171 212
171 213
171 214
171 215
171 216
171 217
171 218
171 219
171 220
171 221
171 222
171 223
171 224
171 225
171 226
171 227
171 228
172 173
172 174
172 175
172 176
172 177
172 178
172 179
172 180
172 181
172 182
172 183
172 184
172 185
172 186
172 187
172 188
172 189
172 190
172 191
172 192
172 209
172 210
172 211
172 212
172 213
172 214
172 215
172 216
172 217
172 218
172 219
172 220
172 221
172 222
172 223
172 224
172 225
172 226
172 227
172 228
173 174
173 175
173 176
173 177
173 178
173 179
173 180
173 181
173 182
173 183
173 184
173 185
173 186
173 187
173 188
173 189
173 190
173 191
173 192
173 209
173 210
173 211
173 212
173 213
173 214
173 215
173 216
173 217
173 218
173 219
173 220
173 221
173 222
173 223
173 224
173 225
173 226
173 227
173 228
174 175
176 177
178 179
180 181
184 185
184 186
185 186
187 188
187 189
187 190
188 189
188 190
189 190
191 192
194 195
200 201
200 202
200 203
201 202
201 203
202 203
209 229
209 230
209 231
209 232
209 233
209 234
209 235
209 236
209 237
209 238
209 239
209 240
209 241
209 242
209 243
209 244
209 245
209 246
209 247
209 248
209 249
209 250
209 251
209 252
209 253
210 211
210 229
210 230
210 231
210 232
210 233
210 234
210 235
210 236
210 237
210 238
210 239
210 240
210 241
210 242
210 243
210 244
210 245
210 246
210 247
210 248
210 249
210 250
210 251
210 252
210 253
211 229
211 230
211 231
211 232
211 233
211 234
211 235
211 236
211 237
211 238
211 239
211 240
211 241
211 242
211 243
211 244
211 245
211 246
211 247
211 248
211 249
211 250
211 251
211 252
211 253
212 229
212 230
212 231
212 232
212 233
212 234
212 235
212 236
212 237
212 238
212 239
212 240
212 241
212 242
212 243
212 244
212 245
212 246
212 247
212 248
212 249
212 250
212 251
212 252
212 253
213 214
213 215
213 216
213 229
213 230
213 231
213 232
213 233
213 234
213 235
213 236
213 237
213 238
213 239
213 240
213 241
213 242
213 243
213 244
213 245
213 246
213 247
213 248
213 249
213 250
213 251
213 252
213 253
214 215
214 216
214 229
214 230
214 231
214 232
214 233
214 234
214 235
214 236
214 237
214 238
214 239
214 240
214 241
214 242
214 243
214 244
214 245
214 246
214 247
214 248
214 249
214 250
214 251
214 252
214 253
215 216
215 229
215 230
215 231
215 232
215 233
215 234
215 235
215 236
215 237
215 238
215 239
215 240
215 241
215 242
215 243
215 244
215 245
215 246
215 247
215 248
215 249
215 250
215 251
215 252
215 253
216 229
216 230
216 231
216 232
216 233
216 234
216 235
216 236
216 237
216 238
216 239
216 240
216 241
216 242
216 243
216 244
216 245
216 246
216 247
216 248
216 249
216 250
216 251
216 252
216 253
217 218
217 219
217 229
217 230
217 231
217 232
217 233
217 234
217 235
217 236
217 237
217 238
217 239
217 240
217 241
217 242
217 243
217 244
217 245
217 246
217 247
217 248
217 249
217 250
217 251
217 252
217 253
218 219
218 229
218 230
218 231
218 232
218 233
218 234
218 235
218 236
218 237
218 238
218 239
218 240
218 241
218 242
218 243
218 244
218 245
218 246
218 247
218 248
218 249
218 250
218 251
218 252
218 253
219 229
219 230
219 231
219 232
219 233
219 234
219 235
219 236
219 237
219 238
219 239
219 240
219 241
219 242
219 243
219 244
219 245
219 246
219 247
219 248
219 249
219 250
219 251
219 252
219 253
220 229
220 230
220 231
220 232
220 233
220 234
220 235
220 236
220 237
220 238
220 239
220 240
220 241
220 242
220 243
220 244
220 245
220 246
220 247
220 248
220 249
220 250
220 251
220 252
220 253
221 222
221 223
221 229
221 230
221 231
221 232
221 233
221 234
221 235
221 236
221 237
221 238
221 239
221 240
221 241
221 242
221 243
221 244
221 245
221 246
221 247
221 248
221 249
221 250
221 251
221 252
221 253
222 223
222 229
222 230
222 231
222 232
222 233
222 234
222 235
222 236
222 237
222 238
222 239
222 240
222 241
222 242
222 243
222 244
222 245
222 246
222 247
222 248
222 249
222 250
222 251
222 252
222 253
223 229
223 230
223 231
223 232
223 233
223 234
223 235
223 236
223 237
223 238
223 239
223 240
223 241
223 242
223 243
223 244
223 245
223 246
223 247
223 248
223 249
223 250
223 251
223 252
223 253
224 225
224 229
224 230
224 231
224 232
224 233
224 234
224 235
224 236
224 237
224 238
224 239
224 240
224 241
224 242
224 243
224 244
224 245
224 246
224 247
224 248
224 249
224 250
224 251
224 252
224 253
225 229
225 230
225 231
225 232
225 233
225 234
225 235
225 236
225 237
225 238
225 239
225 240
225 241
225 242
225 243
225 244
225 245
225 246
225 247
225 248
225 249
225 250
225 251
225 252
225 253
226 227
226 229
226 230
226 231
226 232
226 233
226 234
226 235
226 236
226 237
226 238
226 239
226 240
226 241
226 242
226 243
226 244
226 245
226 246
226 247
226 248
226 249
226 250
226 251
226 252
226 253
227 229
227 230
227 231
227 232
227 233
227 234
227 235
227 236
227 237
227 238
227 239
227 240
227 241
227 242
227 243
227 244
227 245
227 246
227 247
227 248
227 249
227 250
227 251
227 252
227 253
228 229
228 230
228 231
228 232
228 233
228 234
228 235
228 236
228 237
228 238
228 239
228 240
228 241
228 242
228 243
228 244
228 245
228 246
228 247
228 248
228 249
228 250
228 251
228 252
228 253
230 231
237 238
241 242
241 243
242 243
244 245
244 246
244 247
245 246
245 247
246 247
249 250
251 252
251 253
252 253